3236,5
3236,4
3236,3
3236,2
3236,1
3236,0
3235,4
3235,3
3235,2
3235,1
3235,0
3234,5
3234,4
3234,3
3234,2
3234,1
3234,0
3233,4
3233,3
3233,2
3233,1
3233,0
3232,5
3232,4
3232,3
3232,2
3232,1
3232,0
3231,4
3231,3
3231,2
3231,1
3231,0
3230,5
3230,4
3230,3
3230,2
3230,1
3230,0
3229,4
3229,3
3229,2
3229,1
3229,0
3228,5
3228,4
3228,3
3228,2
3228,1
3228,0
3227,4
3227,3
3227,2
3227,1
3227,0
3226,3
3226,2
3226,1
3226,0
3225,5
3225,4
3225,3
3225,2
3225,1
3225,0
3224,4
3224,3
3224,2
3224,1
3224,0
3223,5
3223,4
3223,3
3223,2
3223,1
3223,0
3222,4
3222,3
3222,2
3222,1
3222,0
3221,5
3221,4
3221,3
3221,2
3221,1
3221,0
3220,4
3220,3
3220,2
3220,1
3220,0
3219,5
3219,4
3219,3
3219,2
3219,1
3219,0
3218,4
3218,3
3218,2
3218,1
3218,0
3217,5
3217,4
3217,3
3217,2
3217,1
3217,0
3216,4
3216,3
3216,2
3216,1
3216,0
3215,5
3215,4
3215,3
3215,2
3215,1
3215,0
3214,4
3214,3
3214,2
3214,1
3214,0
3213,5
3213,4
3213,3
3213,2
3213,1
3213,0
3212,4
3212,3
3212,2
3212,1
3212,0
3211,5
3211,4
3211,3
3211,2
3211,1
3211,0
3210,4
3210,3
3210,2
3210,1
3210,0
3209,5
3209,4
3209,3
3209,2
3209,1
3209,0
3208,4
3208,3
3208,2
3208,1
3208,0
3207,5
3207,4
3207,3
3207,2
3207,1
3207,0
3206,4
3206,3
3206,2
3206,1
3206,0
3205,5
3205,4
3205,3
3205,2
3205,1
3205,0
3204,4
3204,3
3204,2
3204,1
3204,0
3203,3
3203,2
3203,1
3203,0
3202,5
3202,4
3202,3
3202,2
3202,1
3202,0
3201,4
3201,3
3201,2
3201,1
3201,0
3200,5
3200,4
3200,3
3200,2
3200,1
3200,0
3199,4
3199,3
3199,2
3199,1
3199,0
3198,5
3198,4
3198,3
3198,2
3198,1
3198,0
3197,4
3197,3
3197,2
3197,1
3197,0
3196,5
3196,4
3196,3
3196,2
3196,1
3196,0
3195,4
3195,3
3195,2
3195,1
3195,0
3194,5
3194,4
3194,3
3194,2
3194,1
3194,0
3193,4
3193,3
3193,2
3193,1
3193,0
3192,3
3192,2
3192,1
3192,0
3191,5
3191,4
3191,3
3191,2
3191,1
3191,0
3190,4
3190,3
3190,2
3190,1
3190,0
3189,5
3189,4
3189,3
3189,2
3189,1
3189,0
3188,4
3188,3
3188,2
3188,1
3188,0
3187,5
3187,4
3187,3
3187,2
3187,1
3187,0
3186,4
3186,3
3186,2
3186,1
3186,0
3185,5
3185,4
3185,3
3185,2
3185,1
3185,0
3184,4
3184,3
3184,2
3184,1
3184,0
3183,5
3183,4
3183,3
3183,2
3183,1
3183,0
3182,4
3182,3
3182,2
3182,1
3182,0
3181,3
3181,2
3181,1
3181,0
3180,5
3180,4
3180,3
3180,2
3180,1
3180,0
3179,4
3179,3
3179,2
3179,1
3179,0
3178,5
3178,4
3178,3
3178,2
3178,1
3178,0
3177,4
3177,3
3177,2
3177,1
3177,0
3176,5
3176,4
3176,3
3176,2
3176,1
3176,0
3175,4
3175,3
3175,2
3175,1
3175,0
3174,5
3174,4
3174,3
3174,2
3174,1
3174,0
3173,4
3173,3
3173,2
3173,1
3173,0
3172,5
3172,4
3172,3
3172,2
3172,1
3172,0
3171,4
3171,3
3171,2
3171,1
3171,0
3170,3
3170,2
3170,1
3170,0
32,23
3169,5
3169,4
3169,3
3169,2
3169,1
3169,0
3168,4
3168,3
3168,2
3168,1
3168,0
3167,5
3167,4
3167,3
3167,2
3167,1
3167,0
3166,4
3166,3
3166,2
3166,1
3166,0
3165,5
3165,4
3165,3
3165,2
3165,1
3165,0
3164,4
3164,3
3164,2
3164,1
3164,0
3163,5
3163,4
3163,3
3163,2
3163,1
3163,0
3162,4
3162,3
3162,2
3162,1
3162,0
3161,5
3161,4
3161,3
3161,2
3161,1
3161,0
3160,4
3160,3
3160,2
3160,1
3160,0
3159,3
3159,2
3159,1
3159,0
3158,3
3158,2
3158,1
3158,0
3157,5
3157,4
3157,3
3157,2
3157,1
3157,0
3156,4
3156,3
3156,2
3156,1
3156,0
3155,5
3155,4
3155,3
3155,2
3155,1
3155,0
3154,4
3154,3
3154,2
3154,1
3154,0
3153,5
3153,4
3153,3
3153,2
3153,1
3153,0
3152,4
3152,3
3152,2
3152,1
3152,0
3151,5
3151,4
3151,3
3151,2
3151,1
3151,0
3150,4
3150,3
3150,2
3150,1
3150,0
3149,5
3149,4
3149,3
3149,2
3149,1
3149,0
3148,4
3148,3
3148,2
3148,1
3148,0
3147,5
3147,4
3147,3
3147,2
3147,1
3147,0
3146,4
3146,3
3146,2
3146,1
3146,0
32,22
3145,5
3145,4
3145,3
3145,2
3145,1
3145,0
3144,4
3144,3
3144,2
3144,1
3144,0
3143,5
3143,4
3143,3
3143,2
3143,1
3143,0
3142,4
3142,3
3142,2
3142,1
3142,0
3141,5
3141,4
3141,3
3141,2
3141,1
3141,0
3140,4
3140,3
3140,2
3140,1
3140,0
3139,5
3139,4
3139,3
3139,2
3139,1
3139,0
3138,4
3138,3
3138,2
3138,1
3138,0
3137,5
3137,4
3137,3
3137,2
3137,1
3137,0
3136,4
3136,3
3136,2
3136,1
3136,0
3135,5
3135,4
3135,3
3135,2
3135,1
3135,0
3134,4
3134,3
3134,2
3134,1
3134,0
3133,5
3133,4
3133,3
3133,2
3133,1
3133,0
3132,4
3132,3
3132,2
3132,1
3132,0
3131,5
3131,4
3131,3
3131,2
3131,1
3131,0
3130,4
3130,3
3130,2
3130,1
3130,0
3129,5
3129,4
3129,3
3129,2
3129,1
3129,0
3128,4
3128,3
3128,2
3128,1
3128,0
3127,5
3127,4
3127,3
3127,2
3127,1
3127,0
3126,4
3126,3
3126,2
3126,1
3126,0
3125,5
3125,4
3125,3
3125,2
3125,1
3125,0
3124,4
3124,3
3124,2
3124,1
3124,0
3123,3
3123,2
3123,1
3123,0
32,21
32,20
32,19
3122,5
3122,4
3122,3
3122,2
3122,1
3122,0
3121,4
3121,3
3121,2
3121,1
3121,0
3120,5
3120,4
3120,3
3120,2
3120,1
3120,0
3119,4
3119,3
3119,2
3119,1
3119,0
3118,5
3118,4
3118,3
3118,2
3118,1
3118,0
3117,4
3117,3
3117,2
3117,1
3117,0
3116,5
3116,4
3116,3
3116,2
3116,1
3116,0
3115,4
3115,3
3115,2
3115,1
3115,0
3114,5
3114,4
3114,3
3114,2
3114,1
3114,0
3113,4
3113,3
3113,2
3113,1
3113,0
3112,3
3112,2
3112,1
3112,0
3111,5
3111,4
3111,3
3111,2
3111,1
3111,0
3110,4
3110,3
3110,2
3110,1
3110,0
3109,5
3109,4
3109,3
3109,2
3109,1
3109,0
3108,4
3108,3
3108,2
3108,1
3108,0
3107,5
3107,4
3107,3
3107,2
3107,1
3107,0
3106,4
3106,3
3106,2
3106,1
3106,0
3105,5
3105,4
3105,3
3105,2
3105,1
3105,0
3104,4
3104,3
3104,2
3104,1
3104,0
3103,5
3103,4
3103,3
3103,2
3103,1
3103,0
3102,4
3102,3
3102,2
3102,1
3102,0
3101,5
3101,4
3101,3
3101,2
3101,1
3101,0
3100,4
3100,3
3100,2
3100,1
3100,0
3099,5
3099,4
3099,3
3099,2
3099,1
3099,0
3098,4
3098,3
3098,2
3098,1
3098,0
3097,5
3097,4
3097,3
3097,2
3097,1
3097,0
3096,4
3096,3
3096,2
3096,1
3096,0
3095,5
3095,4
3095,3
3095,2
3095,1
3095,0
3094,4
3094,3
3094,2
3094,1
3094,0
3093,5
3093,4
3093,3
3093,2
3093,1
3093,0
3092,4
3092,3
3092,2
3092,1
3092,0
3091,5
3091,4
3091,3
3091,2
3091,1
3091,0
3090,4
3090,3
3090,2
3090,1
3090,0
3089,3
3089,2
3089,1
3089,0
32,18
3088,5
3088,4
3088,3
3088,2
3088,1
3088,0
3087,4
3087,3
3087,2
3087,1
3087,0
3086,5
3086,4
3086,3
3086,2
3086,1
3086,0
3085,4
3085,3
3085,2
3085,1
3085,0
3084,5
3084,4
3084,3
3084,2
3084,1
3084,0
3083,4
3083,3
3083,2
3083,1
3083,0
3082,5
3082,4
3082,3
3082,2
3082,1
3082,0
3081,4
3081,3
3081,2
3081,1
3081,0
3080,5
3080,4
3080,3
3080,2
3080,1
3080,0
3079,4
3079,3
3079,2
3079,1
3079,0
3078,3
3078,2
3078,1
3078,0
3077,5
3077,4
3077,3
3077,2
3077,1
3077,0
3076,4
3076,3
3076,2
3076,1
3076,0
3075,5
3075,4
3075,3
3075,2
3075,1
3075,0
3074,4
3074,3
3074,2
3074,1
3074,0
3073,5
3073,4
3073,3
3073,2
3073,1
3073,0
3072,4
3072,3
3072,2
3072,1
3072,0
3071,5
3071,4
3071,3
3071,2
3071,1
3071,0
3070,4
3070,3
3070,2
3070,1
3070,0
3069,5
3069,4
3069,3
3069,2
3069,1
3069,0
3068,4
3068,3
3068,2
3068,1
3068,0
3067,5
3067,4
3067,3
3067,2
3067,1
3067,0
3066,4
3066,3
3066,2
3066,1
3066,0
3065,5
3065,4
3065,3
3065,2
3065,1
3065,0
3064,4
3064,3
3064,2
3064,1
3064,0
3063,5
3063,4
3063,3
3063,2
3063,1
3063,0
3062,4
3062,3
3062,2
3062,1
3062,0
3061,5
3061,4
3061,3
3061,2
3061,1
3061,0
3060,4
3060,3
3060,2
3060,1
3060,0
3059,5
3059,4
3059,3
3059,2
3059,1
3059,0
3058,4
3058,3
3058,2
3058,1
3058,0
3057,5
3057,4
3057,3
3057,2
3057,1
3057,0
3056,4
3056,3
3056,2
3056,1
3056,0
3055,3
3055,2
3055,1
3055,0
3054,5
3054,4
3054,3
3054,2
3054,1
3054,0
3053,4
3053,3
3053,2
3053,1
3053,0
3052,5
3052,4
3052,3
3052,2
3052,1
3052,0
3051,4
3051,3
3051,2
3051,1
3051,0
3050,5
3050,4
3050,3
3050,2
3050,1
3050,0
3049,4
3049,3
3049,2
3049,1
3049,0
3048,5
3048,4
3048,3
3048,2
3048,1
3048,0
3047,4
3047,3
3047,2
3047,1
3047,0
3046,5
3046,4
3046,3
3046,2
3046,1
3046,0
3045,4
3045,3
3045,2
3045,1
3045,0
3044,3
3044,2
3044,1
3044,0
3043,5
3043,4
3043,3
3043,2
3043,1
3043,0
3042,4
3042,3
3042,2
3042,1
3042,0
3041,5
3041,4
3041,3
3041,2
3041,1
3041,0
3040,4
3040,3
3040,2
3040,1
3040,0
3039,5
3039,4
3039,3
3039,2
3039,1
3039,0
3038,4
3038,3
3038,2
3038,1
3038,0
3037,5
3037,4
3037,3
3037,2
3037,1
3037,0
3036,4
3036,3
3036,2
3036,1
3036,0
3035,5
3035,4
3035,3
3035,2
3035,1
3035,0
3034,4
3034,3
3034,2
3034,1
3034,0
3033,3
3033,2
3033,1
3033,0
3032,3
3032,2
3032,1
3032,0
3031,5
3031,4
3031,3
3031,2
3031,1
3031,0
3030,4
3030,3
3030,2
3030,1
3030,0
3029,5
3029,4
3029,3
3029,2
3029,1
3029,0
3028,4
3028,3
3028,2
3028,1
3028,0
3027,5
3027,4
3027,3
3027,2
3027,1
3027,0
3026,4
3026,3
3026,2
3026,1
3026,0
3025,5
3025,4
3025,3
3025,2
3025,1
3025,0
3024,4
3024,3
3024,2
3024,1
3024,0
3023,5
3023,4
3023,3
3023,2
3023,1
3023,0
3022,4
3022,3
3022,2
3022,1
3022,0
3021,5
3021,4
3021,3
3021,2
3021,1
3021,0
3020,4
3020,3
3020,2
3020,1
3020,0
32,17
3019,3
3019,2
3019,1
3019,0
3018,5
3018,4
3018,3
3018,2
3018,1
3018,0
3017,4
3017,3
3017,2
3017,1
3017,0
3016,5
3016,4
3016,3
3016,2
3016,1
3016,0
3015,4
3015,3
3015,2
3015,1
3015,0
3014,5
3014,4
3014,3
3014,2
3014,1
3014,0
3013,4
3013,3
3013,2
3013,1
3013,0
3012,5
3012,4
3012,3
3012,2
3012,1
3012,0
3011,4
3011,3
3011,2
3011,1
3011,0
3010,5
3010,4
3010,3
3010,2
3010,1
3010,0
3009,4
3009,3
3009,2
3009,1
3009,0
3008,5
3008,4
3008,3
3008,2
3008,1
3008,0
3007,4
3007,3
3007,2
3007,1
3007,0
3006,3
3006,2
3006,1
3006,0
3005,5
3005,4
3005,3
3005,2
3005,1
3005,0
3004,4
3004,3
3004,2
3004,1
3004,0
3003,5
3003,4
3003,3
3003,2
3003,1
3003,0
3002,4
3002,3
3002,2
3002,1
3002,0
3001,5
3001,4
3001,3
3001,2
3001,1
3001,0
3000,4
3000,3
3000,2
3000,1
3000,0
2999,5
2999,4
2999,3
2999,2
2999,1
2999,0
2998,4
2998,3
2998,2
2998,1
2998,0
2997,5
2997,4
2997,3
2997,2
2997,1
2997,0
2996,4
2996,3
2996,2
2996,1
2996,0
2995,5
2995,4
2995,3
2995,2
2995,1
2995,0
2994,4
2994,3
2994,2
2994,1
2994,0
2993,3
2993,2
2993,1
2993,0
2992,5
2992,4
2992,3
2992,2
2992,1
2992,0
2991,4
2991,3
2991,2
2991,1
2991,0
2990,5
2990,4
2990,3
2990,2
2990,1
2990,0
2989,4
2989,3
2989,2
2989,1
2989,0
2988,5
2988,4
2988,3
2988,2
2988,1
2988,0
2987,4
2987,3
2987,2
2987,1
2987,0
2986,5
2986,4
2986,3
2986,2
2986,1
2986,0
2985,4
2985,3
2985,2
2985,1
2985,0
2984,5
2984,4
2984,3
2984,2
2984,1
2984,0
2983,4
2983,3
2983,2
2983,1
2983,0
2982,5
2982,4
2982,3
2982,2
2982,1
2982,0
2981,4
2981,3
2981,2
2981,1
2981,0
2980,3
2980,2
2980,1
2980,0
2979,5
2979,4
2979,3
2979,2
2979,1
2979,0
2978,4
2978,3
2978,2
2978,1
2978,0
2977,5
2977,4
2977,3
2977,2
2977,1
2977,0
2976,4
2976,3
2976,2
2976,1
2976,0
2975,5
2975,4
2975,3
2975,2
2975,1
2975,0
2974,4
2974,3
2974,2
2974,1
2974,0
2973,5
2973,4
2973,3
2973,2
2973,1
2973,0
2972,4
2972,3
2972,2
2972,1
2972,0
2971,5
2971,4
2971,3
2971,2
2971,1
2971,0
2970,4
2970,3
2970,2
2970,1
2970,0
2969,5
2969,4
2969,3
2969,2
2969,1
2969,0
2968,4
2968,3
2968,2
2968,1
2968,0
2967,3
2967,2
2967,1
2967,0
2966,5
2966,4
2966,3
2966,2
2966,1
2966,0
2965,4
2965,3
2965,2
2965,1
2965,0
2964,5
2964,4
2964,3
2964,2
2964,1
2964,0
2963,4
2963,3
2963,2
2963,1
2963,0
2962,5
2962,4
2962,3
2962,2
2962,1
2962,0
2961,4
2961,3
2961,2
2961,1
2961,0
2960,5
2960,4
2960,3
2960,2
2960,1
2960,0
2959,4
2959,3
2959,2
2959,1
2959,0
2958,5
2958,4
2958,3
2958,2
2958,1
2958,0
2957,4
2957,3
2957,2
2957,1
2957,0
2956,5
2956,4
2956,3
2956,2
2956,1
2956,0
2955,4
2955,3
2955,2
2955,1
2955,0
2954,3
2954,2
2954,1
2954,0
2953,5
2953,4
2953,3
2953,2
2953,1
2953,0
2952,4
2952,3
2952,2
2952,1
2952,0
2951,5
2951,4
2951,3
2951,2
2951,1
2951,0
2950,4
2950,3
2950,2
2950,1
2950,0
2949,5
2949,4
2949,3
2949,2
2949,1
2949,0
2948,4
2948,3
2948,2
2948,1
2948,0
2947,5
2947,4
2947,3
2947,2
2947,1
2947,0
2946,4
2946,3
2946,2
2946,1
2946,0
2945,5
2945,4
2945,3
2945,2
2945,1
2945,0
2944,4
2944,3
2944,2
2944,1
2944,0
2943,5
2943,4
2943,3
2943,2
2943,1
2943,0
2942,4
2942,3
2942,2
2942,1
2942,0
2941,3
2941,2
2941,1
2941,0
2940,5
2940,4
2940,3
2940,2
2940,1
2940,0
2939,4
2939,3
2939,2
2939,1
2939,0
2938,5
2938,4
2938,3
2938,2
2938,1
2938,0
2937,4
2937,3
2937,2
2937,1
2937,0
2936,5
2936,4
2936,3
2936,2
2936,1
2936,0
2935,4
2935,3
2935,2
2935,1
2935,0
2934,5
2934,4
2934,3
2934,2
2934,1
2934,0
2933,4
2933,3
2933,2
2933,1
2933,0
2932,5
2932,4
2932,3
2932,2
2932,1
2932,0
2931,4
2931,3
2931,2
2931,1
2931,0
2930,5
2930,4
2930,3
2930,2
2930,1
2930,0
2929,4
2929,3
2929,2
2929,1
2929,0
2928,3
2928,2
2928,1
2928,0
2927,5
2927,4
2927,3
2927,2
2927,1
2927,0
2926,4
2926,3
2926,2
2926,1
2926,0
2925,5
2925,4
2925,3
2925,2
2925,1
2925,0
2924,4
2924,3
2924,2
2924,1
2924,0
2923,5
2923,4
2923,3
2923,2
2923,1
2923,0
2922,4
2922,3
2922,2
2922,1
2922,0
2921,5
2921,4
2921,3
2921,2
2921,1
2921,0
2920,4
2920,3
2920,2
2920,1
2920,0
2919,5
2919,4
2919,3
2919,2
2919,1
2919,0
2918,4
2918,3
2918,2
2918,1
2918,0
2917,5
2917,4
2917,3
2917,2
2917,1
2917,0
2916,4
2916,3
2916,2
2916,1
2916,0
2904,25
2904,24
2904,23
2904,22
2904,21
2904,20
2904,19
2904,18
2906,8
2904,17
2906,7
2904,16
2906,6
2904,15
2904,14
2906,5
2904,13
2904,12
2904,11
2904,10
2904,9
2904,8
2904,7
2904,6
2904,5
2915,5
2915,4
2915,3
2915,2
2915,1
2915,0
2914,4
2914,3
2914,2
2914,1
2914,0
2913,5
2913,4
2913,3
2913,2
2913,1
2913,0
2912,4
2912,3
2912,2
2912,1
2912,0
2911,5
2911,4
2911,3
2911,2
2911,1
2911,0
2910,4
2910,3
2910,2
2910,1
2910,0
2909,5
2909,4
2909,3
2909,2
2909,1
2909,0
2908,4
2908,3
2908,2
2908,1
2908,0
2907,5
2907,4
2907,3
2907,2
2907,1
2907,0
2906,4
2906,3
2906,2
2906,1
2906,0
2905,5
2905,4
2905,3
2905,2
2905,1
2905,0
2904,4
2904,3
2904,2
2904,1
2904,0
2903,5
2903,4
2903,3
2903,2
2903,1
2903,0
2902,4
2902,3
2902,2
2902,1
2902,0
2901,5
2901,4
2901,3
2901,2
2901,1
2901,0
2900,4
2900,3
2900,2
2900,1
2900,0
2899,5
2899,4
2899,3
2899,2
2899,1
2899,0
2898,4
2898,3
2898,2
2898,1
2898,0
2897,5
2897,4
2897,3
2897,2
2897,1
2897,0
2896,4
2896,3
2896,2
2896,1
2896,0
2895,5
2895,4
2895,3
2895,2
2895,1
2895,0
2894,4
2894,3
2894,2
2894,1
2894,0
2893,3
2893,2
2893,1
2893,0
15,8
2881,12
2881,11
2881,10
2881,9
2881,8
2881,7
2881,6
2881,5
2892,5
2892,4
2892,3
2892,2
2892,1
2892,0
2891,4
2891,3
2891,2
2891,1
2891,0
2890,5
2890,4
2890,3
2890,2
2890,1
2890,0
2889,4
2889,3
2889,2
2889,1
2889,0
2888,5
2888,4
2888,3
2888,2
2888,1
2888,0
2887,4
2887,3
2887,2
2887,1
2887,0
2886,5
2886,4
2886,3
2886,2
2886,1
2886,0
2885,4
2885,3
2885,2
2885,1
2885,0
2884,5
2884,4
2884,3
2884,2
2884,1
2884,0
2883,4
2883,3
2883,2
2883,1
2883,0
2882,5
2882,4
2882,3
2882,2
2882,1
2882,0
2881,4
2881,3
2881,2
2881,1
2881,0
2880,5
2880,4
2880,3
2880,2
2880,1
2880,0
2879,4
2879,3
2879,2
2879,1
2879,0
2878,5
2878,4
2878,3
2878,2
2878,1
2878,0
2877,4
2877,3
2877,2
2877,1
2877,0
2876,5
2876,4
2876,3
2876,2
2876,1
2876,0
2875,4
2875,3
2875,2
2875,1
2875,0
2874,5
2874,4
2874,3
2874,2
2874,1
2874,0
2873,4
2873,3
2873,2
2873,1
2873,0
2872,5
2872,4
2872,3
2872,2
2872,1
2872,0
2871,4
2871,3
2871,2
